8 5
8 6
8 7
8 8
8 9
8 10
8 11
8 12
8 13
8 14
9 5
9 6
9 7
9 8
9 9
9 10
9 11
9 12
9 13
9 14
10 5
10 6
10 13
10 14
11 5
11 6
11 13
11 14
12 5
12 6
12 13
12 14
13 5
13 6
13 13
13 14
14 5
14 6
14 13
14 14
15 5
15 6
15 13
15 14
16 5
16 6
16 13
16 14
17 5
17 6
17 13
17 14
18 5
18 6
18 13
18 14
19 5
19 6
19 13
19 14
20 5
20 6
20 13
20 14
21 5
21 6
21 13
21 14
22 5
22 6
22 13
22 14
23 5
23 6
23 13
23 14
24 4
24 5
24 6
24 13
24 14
24 15
25 4
25 5
25 6
25 13
25 14
25 15
26 10
27 10
28 10
29 8
29 9
29 10
29 11
29 12
30 9
30 10
30 11
31 10